=================================================================================
| Strategy | L2 (Envs) | L1 (Agents)| Total Threads | Throughput (steps/s) |
=================================================================================
| 64,1     | 64        | 1          | 64            | 801.56               |
| 32,2     | 32        | 2          | 64            | 619.64               |
| 16,4     | 16        | 4          | 64            | 374.41               |
| 8,8      | 8         | 8          | 64            | 229.38               |
| 4,16     | 4         | 16         | 64            | 139.78               |
| 2,32     | 2         | 32         | 64            | 80.19                |
| 1,64     | 1         | 64         | 64            | 35.47                |
=================================================================================